started=2026-05-10T22:32:02.2601933+08:00 mode=waiting pid=191860
finished=2026-05-10T22:32:02.2762518+08:00 mode=no_trigger pid=191860
